1000100110000000010011000000000100000000000000000000000001000000
1000100110000000010011000000000100000000000000000000000001000101
1001000110000000010011000000000100000000000000000000000001000000
1001000110000000010011000000000100000000000000000000000001000101
1000000000000000010010000000000110000000000000000000000001000000
1000000000000000010010000000000110000000000000000000000001000100
0100000001100001110000001010100000000000000000000010000011001011
1110000001100000111000001000100000000000000000000001100000010011
1000100110000000010011000000000100000000000000000000000001000000
1000100110000000010011000000000100000000000000000000000001000101
1001000110000000010011000000000100000000000000000000000001000000
1001000110000000010011000000000100000000000000000000000001000101
1000000000000000010010000000000110000000000000000000000001000000
1000000000000000010010000000000110000000000000000000000001000100
0100000001100001110000001010100000000000000000000010000011001011
0000000000000000000000000000000000000000000000000000000000000000
0000000000000000000000000000000000000000000000000000000000000000
1000100110000000010011000000000100000000000000000000000001000101
0000000000000000000000000000000000000000000000000000000000000000
1001000110000000010011000000000100000000000000000000000001000101
0000000000000000000000000000000000000000000000000000000000000000
0000000000000000000000000000000000000000000000000000000000000000
0100000001100001110000001010100000000000000000000010000011001011
1110000001100000111000001000100000000000000000000001100000010011
0000000000000000000000000000000000000000000000000000000000000000
1000100110000000010011000000000100000000000000000000000001000101
0000000000000000000000000000000000000000000000000000000000000000
1001000110000000010011000000000100000000000000000000000001000101
0000000000000000000000000000000000000000000000000000000000000000
0000000000000000000000000000000000000000000000000000000000000000
0100000001100001110000001010100000000000000000000010000011001011
1110000001100000111000001000100000000000000000000001100000010011
1000100110000000010011000000000100000000000000000000000001000000
1000100110000000010011000000000100000000000000000000000001000101
1001000110000000010011000000000100000000000000000000000001000000
1001000110000000010011000000000100000000000000000000000001000101
1000000000000000010010000000000110000000000000000000000001000000
1000000000000000010010000000000110000000000000000000000001000100
0000000000000000000000000000000000000000000000000000000000000000
0000000000100000000010000000000000000000000000000000000000000000
1011000000100000010010000000000000000000000001100000000000000100
1110111101000100110011001000100000000000000000101000000000010101
0000000000000100000000010001000000000000000000000000000000010101
0100000001100000110000001000100000000000000000000010000100001001
0100000001100000110000001000100000011000100100000010000101111001
0100000001100000110000001000100000000000000000000001000000010001
0100000001100000110000001000100100011111101110000001000000010001
1011000000100000010010000000000100000100000001100000000000000100
0000000000000000000000000000000000000000000000000000000000000000
0000000000000000000000000000000000000000000000000000000000000000
0000000000000000000000000000000000000000000000000000000000000000
0000000000000000000000000000000000000000000000000000000000000000
0000000000000000000000000000000000000000000000000000000000000000
0000000000000000000000000000000000000000000000000000000000000000
0000000000000000000000000000000000000000000000000000000000000000
1000000000000000010010000000000100000011000000010000000000000010
0000000000000000000000000000000000000000000000000000000000000000
0000000000000000000000000000000000000000000000000000000000000000
0000000000000000000000000000000000000000000000000000000000000000
0000000000000000000000000000000000000000000000000000000000000000
0000000000000000000000000000000000000000000000000000000000000000
0000000000000000000000000000000000000000000000000000000000000000
0000000000000000000000000000000000000000000000000000000000000000
0000000000000000000000000000000000000000000000000000000000000000
0000000000000000000000000000000000000000000000000000000000000000
0000000000000000000000000000000000000000000000000000000000000000
0000000000000000000000000000000000000000000000000000000000000000
0000000000000000000000000000000000000000000000000000000000000000
0000000000000000000000000000000000000000000000000000000000000000
0000000000000000000000000000000000000000000000000000000000000000
0000000000000000000000000000000000000000000000000000000000000000
0000000000000000000000000000000000000000000000000000000000000000
0000000000000000000000000000000000000000000000000000000000000000
0000000000000000000000000000000000000000000000000000000000000000
0000000000000000000000000000000000000000000000000000000000000000
0000000000000000000000000000000000000000000000000000000000000000
0000000000000000000000000000000000000000000000000000000000000000
0000000000000000000000000000000000000000000000000000000000000000
0000000000000000000000000000000000000000000000000000000000000000
0000000000000000000000000000000000000000000000000000000000000000
0100000011110000110001001000100000000000000000000010000010101101
0100000011110000110001001000100000000000000000000010000010101101
0100000011110000110001001000100000000000000000000010000010101101
0100000011110000110001001000100000000000000000000010000010101101
0100000011110000110001001000100000000000000000000010000010101101
0100000011110000110001001000100000000000000000000010000010101101
0100000011110000110001001000100000000000000000000010000010101101
0100000011110000110001001000100000000000000000000010000010101101
1101100001100000110000001000100000000000000001011001000000010101
1101100001100000110000001000100000000000000001011001000000010101
1101100001100000110000001000100000000000000001011001000000010101
1101100001100000110000001000100000000000000001011001000000010101
1101100001100000110000001000100000000000000001011001000000010101
1101100001100000110000001000100000000000000001011001000000010101
1101100001100000110000001000100000000000000001011001000000010101
1101100001100000110000001000100000000000000001011001000000010101
0000000000000000000000000000000000000000000000000000000000000000
0000000000000000000000000000000000000000000000000000000000000000
0000000000000000000000000000000000000000000000000000000000000000
0000000000000000000000000000000000000000000000000000000000000000
0000000000000000000000000000000000000000000000000000000000000000
0000000000000000000000000000000000000000000000000000000000000000
0000000000000000000000000000000000000000000000000000000000000000
0000000000000000000000000000000000000000000000000000000000000000
0100000001100000110000001000100000000000000000000010000100101101
0000000000000000000000000000000000000000000000000000000000000000
0100000001100000110000001000100000000000000000000010000100101001
0000000000000000000000000000000000000000000000000000000000000000
0000000000000000000000000000000000000000000000000000000000000000
0000000000000000000000000000000000000000000000000000000000000000
0000000000000000000000000000000000000000000000000000000000000000
0000000000000000000000000000000000000000000000000000000000000000
0000000000000000000000000000000000000000000000000000000000000000
0000000000000000000000000000000000000000000000000000000000000000
0000000000000000000000000000000000000000000000000000000000000000
0000000000000000000000000000000000000000000000000000000000000000
0000000000000000000000000000000000000000000000000000000000000000
0000000000000000000000000000000000010000010000000000000000000000
0000000000000000000000000000000000000000000000000000000000000000
0000000000000000000000000000000000010000010000000000000000000000
0000000000000000000000000000000000000000000000000000000000000000
0000000000000000000000000000000000000000000000000000000000000000
0000000000000000000000000000000000000000000000000000000000000000
0000000000000000000000000000000000000000000000000000000000000000
0000000000000000000000000000000000000000000000000000000000000000
0000000000000000000000000000000000000000000000000000000000000000
0000000000000000000000000000000000000000000000000000000000000000
0000000000000000000000000000000000000000000000000000000000000000
1000100100000000010010000000000110000000000000000000000001000000
1000100100000000010010000000000110000000000000000000000001000101
0000000000000000000000000000000000000000000000000000000000000000
1000100100000000010010000000000110000000000000000000000001000101
0000000000000000000000000000000000000000000000000000000000000000
0000000000000000000000000000000000000000000000000000000000000000
1100101110000000010011000000000000000000000001000011000010100000
1100101110000000010011000000000000000000000001000011000010100101
1000100010000000010001000000000000000000000001000000000010100000
1000100010000000010001000000000000000000000001000000000010100101
1001000100000000010010000000000000000000000000110000000000000000
1001000100000000010010000000000000000000000000110000000000000101
1000100000000010010000000010000000000000000001001000000011000010
0000000000000000000000000000000000000000000000000000000000000000
1001000100000000001010000000000000000000000000000000000000000010
1100100001100000110000001000100000000000000001011001000101010101
1101110010010000010011000000000000000000000000111100000000000100
1101110010010000010011000000000000000000000000111100000000000100
1101110010010000010011000000000000000000000000111100000000000100
1101110010010000010011000000000000000000000000111100000000000100
1101110010010000010011000000000000000000000000111100000000000100
1101110010010000010011000000000000000000000000111100000000000100
1101110010010000010011000000000000000000000000111100000000000100
1101110010010000010011000000000000000000000000111100000000000100
0000000000000000000000000000000000000000000000000000000000000000
0000000000000000000000000000000000000000000000000000000000000000
0100000001100000110000001000100000011000001000000010000000001101
0000000000000000000000000000000000000000000000000000000000000000
0000000000000000000000000000000000000000000000000000000000000000
0000000000000000000000000000000000000000000000000000000000000000
0000000000000000000000000000000000000000000000000000000000000000
0000000000000000000000000000000000000000000000000000000000000000
0000000000000000000000000000000000000000000000000000000000000000
0000000000000000000000000000000000000000000000000000000000000000
0000000000000000000000000000000000000000000000000000000000000000
0000000000000000000000000000000000000000000000000000000000000000
1110111101000100110011011101100000000000000000101000000101011000
1110111101000100110011011101100000000000000000101000000101011101
0000000000000000000000000000000000000000000000000000000000000000
0000000000000000000000000000000000000000000000000000000000000000
0000000000000000000000000000000000000000000000000000000000000000
0000000000000000000000000000000000000000000000000000000000000000
0000000000000000000000000000000000000000000000000000000000000000
0000000000000000000000000000000000000000000000000000000000000000
0000000000000000000000000000000000000000000000000000000000000000
0000000000000000000000000000000000000000000000000000000000000000
0000000000000000000000000000000000000000000000000000000000000000
0000000000000000000000000000000000000000000000000000000000000000
1001100000000000010000000000000000000000000001010000000000000000
1001100000000000010000000000000000000000000001010000000000000000
1001100000000000010000000000000000000000000001010000000000000000
1001100000000000010000000000000000000000000001010000000000000000
1001100000000000010000000000000000000000000001010000000000000000
1001100000000000010000000000000000000000000001010000000000000000
1001100000000000010000000000000000000000000001010000000000000000
1001100000000000010000000000000000000000000001010000000000000000
1001100000000000010000000000000000000000000001010000000000000100
1001100000000000010000000000000000000000000001010000000000000100
1001100000000000010000000000000000000000000001010000000000000100
1001100000000000010000000000000000000000000001010000000000000100
1001100000000000010000000000000000000000000001010000000000000100
1001100000000000010000000000000000000000000001010000000000000100
1001100000000000010000000000000000000000000001010000000000000100
1001100000000000010000000000000000000000000001010000000000000100
1000100100000000010010000000000101000001000000011000000001100000
1000100100000000010010000000000101000001000000011000000001100101
0100000001100000110000001000100000010000011000000001000000010101
0100000001100000110000001000100000010000011000000001000000010101
0000000000000000000000000000000000000000000000000000000000000000
0000000000000000000000000000000000000000000000000000000000000000
1000100000000000010000000000000000000000000001010000000100100000
1000100000000000010000000000000000000000000001010000000100100101
0000000000000000000000000000000000000000000000000000000000000000
0000000000000000000000000000000000000000000000000000000000000000
0100000001100000110000001000100000011000011010000001000000010011
0100000001100000110000001000100000011000011010000001000000010101
0000000000000000000000000000000000000000000000000000000000000000
0000000000000000000000000000000000000000000000000000000000000000
0000000000000000000000000000000000000000000000000000000000000000
0000000000000000000000000000000000000000000000000000000000000000
1000100100000000010010000000000100000001000000011000000001100000
1000100100000000010010000000000100000001000000011000000001100101
1000100100100000010010100000000100100001000000011000000001100000
1000100100100000010010100000000100100001000000011000000001100101
0000000000000000000000000000000000000000000000000000000000000000
0000000000000000000000000000000000000000000000000000000000000000
0000000000000000000000000000000000000000000000000000000000000000
0000000000000000000000000000000000000000000000000000000000000000
0000000000000000000000000000000000000000000000000000000000000000
0000000000000000000000000000000000000000000000000000000000000000
0000000000000000000000000000000000000000000000000000000000000000
0000000000000000000000000000000000000000000000000000000000000000
0000000000000000000000000000000000000000000000000000000000000000
0000000000000000000000000000000000000000000000000000000000000000
0000000000000000000000000000000000000000000000000000000000000000
0000000000000000000000000000000000000000000000000000000000000000
0000000000000000000000000000000000000000000000000000000000000000
0000000000000000000000000000000000000000000000000000000000000000
0000000000000000000000000000000000000000000000000000000000000000
0000000000000000000000000000000000000000000000000000000000000000
0000000000000000000000000000000000000000000000000000000000000000
0000000000000000000000000000000000000000000000000000000000000000
0000000000000000000000000000000000000000000000000000000000000000
0000000000000000000000000000000000000000000000000000000000000000
0100000001100000110000001000100000010000010000000010000000101101
0000000000000000000000000000000000010000010000000000000000000100
0000000000000000000000000000000000011000001000000000000000000100
0000000000000000000000000000000000010000010000000000000000000000
0000000000000000000000000000000000000000000000000000000000000000
0000000000000000000000000000000000000000000000000000000000000000
0000000000000000000000000000000000000000000000000000000000000000
0000000000000000000000000000000000000000000000000000000000000000
0000000000000000000000000000000000000000000000000000000000000000
0000000000000000000000000000000000000000000000000000000000000000
0000000000000000000000000000000000000000000000000000000000000000
0000000000000000000000000000000100000000000000000000000000000000
0000000000000000000000000000000000000000000000000000000000000000
0000000000000000000000000000000000000000000000000000000000000000
1000100100000000010010000000000000000000000000100000000010000000
1000100100000000010010000000000000000000000000100000000010000101
0000000000000000000000000000000000000000000000000000000000000000
0000000000000000000000000000000000000000000000000000000000000000
0000000000000000000000000000000000000000000000000000000000000000
0000000000000000000000000000000000000000000000000000000000000000
0000000000000000000000000000000100000101000000000000000000000000
0000000000000000000000000000000100000110000000000000000000000000
0000000000000000000000000000000000000000000000000000000000000000
0100000101100000110010001000100000010000000000000010000000101101