0000000010001000000001010101000100000000000000000000000001011000
0000000010001000000001010101000100000000000000000000000001011101
1001000010001000010001010101000100000000000000000000000001010000
1001000010001000010001010101000100000000000000000000000001010101
1000000000000000010010000000000110000000000000000000000001000000
1000000000000000010010000000000110000000000000000000000001000100
0100000001100001110000001010100000000000000000000010000011001011
1110000001100000111000001000100000000000000000000001100000010011
0000000010001000000001010101000100000000000000000000000001011000
0000000010001000000001010101000100000000000000000000000001011101
1001000010001000010001010101000100000000000000000000000001010000
1001000010001000010001010101000100000000000000000000000001010101
1000000000000000010010000000000110000000000000000000000001000000
1000000000000000010010000000000110000000000000000000000001000100
0100000001100001110000001010100000000000000000000010000011001011
0000000000000000000000000000000000000000000000000000000000000000
0000000000000000000000000000000000000000000000000000000000000000
0000000010001000000001010101000100000000000000000000000001011101
0000000000000000000000000000000000000000000000000000000000000000
1001000010001000010001010101000100000000000000000000000001010101
0000000000000000000000000000000000000000000000000000000000000000
0000000000000000000000000000000000000000000000000000000000000000
0100000001100001110000001010100000000000000000000010000011001011
1110000001100000111000001000100000000000000000000001100000010011
0000000000000000000000000000000000000000000000000000000000000000
0000000010001000000001010101000100000000000000000000000001011101
0000000000000000000000000000000000000000000000000000000000000000
1001000010001000010001010101000100000000000000000000000001010101
0000000000000000000000000000000000000000000000000000000000000000
0000000000000000000000000000000000000000000000000000000000000000
0100000001100001110000001010100000000000000000000010000011001011
1110000001100000111000001000100000000000000000000001100000010011
0000000010001000000001010101000100000000000000000000000001011000
0000000010001000000001010101000100000000000000000000000001011101
1001000010001000010001010101000100000000000000000000000001010000
1001000010001000010001010101000100000000000000000000000001010101
1000000000000000010010000000000110000000000000000000000001000000
1000000000000000010010000000000110000000000000000000000001000100
0000000000000000000000000000000000000000000000000000000000000000
0000000000000000000000000000000000000000000000000000000000000000
0000000000000000000000000000000000000000000000000000000000000000
0000000000000000000000000000000000000000000000000000000000000000
0000000000000000000000000000000000000000000000000000000000000000
0000000000000000000000000000000000000000000000000000000000000000
0000000000000000000000000000000000000000000000000000000000000000
0000000000000000000000000000000000000000000000000000000000000000
0000000000000000000000000000000000000000000000000000000000000000
0000000000000000000000000000000000000000000000000000000000000000
0000000000000000000000000000000000000000000000000000000000000000
0000000000000000000000000000000000000000000000000000000000000000
0000000000000000000000000000000000000000000000000000000000000000
0000000000000000000000000000000000000000000000000000000000000000
0000000000000000000000000000000000000000000000000000000000000000
0000000000000000000000000000000000000000000000000000000000000000
0000000000000000000000000000000000000000000000000000000000000000
1000000000000000010010000000000100000011000000010000000000000010
0000000000000000000000000000000000000000000000000000000000000000
0000000000000000000000000000000000000000000000000000000000000000
0000000000000000000000000000000000000000000000000000000000000000
0000000000000000000000000000000000000000000000000000000000000000
0000000000000000000000000000000000000000000000000000000000000000
0000000000000000000000000000000000000000000000000000000000000000
0000000000000000000000000000000000000000000000000000000000000000
0000000000000000000000000000000000000000000000000000000000000000
0000000000000000000000000000000000000000000000000000000000000000
0000000000000000000000000000000000000000000000000000000000000000
0000000000000000000000000000000000000000000000000000000000000000
0000000000000000000000000000000000000000000000000000000000000000
0000000000000000000000000000000000000000000000000000000000000000
0000000000000000000000000000000000000000000000000000000000000000
0000000000000000000000000000000000000000000000000000000000000000
0000000000000000000000000000000000000000000000000000000000000000
0000000000000000000000000000000000000000000000000000000000000000
0000000000000000000000000000000000000000000000000000000000000000
0000000000000000000000000000000000000000000000000000000000000000
0000000000000000000000000000000000000000000000000000000000000000
0000000000000000000000000000000000000000000000000000000000000000
0000000000000000000000000000000000000000000000000000000000000000
0000000000000000000000000000000000000000000000000000000000000000
0000000000000000000000000000000000000000000000000000000000000000
0100000011110000110001001000100000000000000000000010000010101101
0100000011110000110001001000100000000000000000000010000010101101
0100000011110000110001001000100000000000000000000010000010101101
0100000011110000110001001000100000000000000000000010000010101101
0100000011110000110001001000100000000000000000000010000010101101
0100000011110000110001001000100000000000000000000010000010101101
0100000011110000110001001000100000000000000000000010000010101101
0100000011110000110001001000100000000000000000000010000010101101
1101100001100000110000001000100000000000000001011001000000010101
1101100001100000110000001000100000000000000001011001000000010101
1101100001100000110000001000100000000000000001011001000000010101
1101100001100000110000001000100000000000000001011001000000010101
1101100001100000110000001000100000000000000001011001000000010101
1101100001100000110000001000100000000000000001011001000000010101
1101100001100000110000001000100000000000000001011001000000010101
1101100001100000110000001000100000000000000001011001000000010101
0000000000000000000000000000000000000000000000000000000000000000
0000000000000000000000000000000000000000000000000000000000000000
0000000000000000000000000000000000000000000000000000000000000000
0000000000000000000000000000000000000000000000000000000000000000
0000000000000000000000000000000000000000000000000000000000000000
0000000000000000000000000000000000000000000000000000000000000000
0000000000000000000000000000000000000000000000000000000000000000
0000000000000000000000000000000000000000000000000000000000000000
0100000001100000110000001000100000000000000000000010000100101101
0000000000000000000000000000000000000000000000000000000000000000
0100000001100000110000001000100000000000000000000010000100101001
0000000000000000000000000000000000000000000000000000000000000000
0000000000000000000000000000000000000000000000000000000000000000
0000000000000000000000000000000000000000000000000000000000000000
0000000000000000000000000000000000000000000000000000000000000000
0000000000000000000000000000000000000000000000000000000000000000
0000000000000000000000000000000000000000000000000000000000000000
0000000000000000000000000000000000000000000000000000000000000000
0000000000000000000000000000000000000000000000000000000000000000
0000000000000000000000000000000000000000000000000000000000000000
0000000000000000000000000000000000000000000000000000000000000000
0000000000000000000000000000000000010000010000000000000000000000
0000000000000000000000000000000000000000000000000000000000000000
0000000000000000000000000000000000010000010000000000000000000000
0000000000000000000000000000000000000000000000000000000000000000
0000000000000000000000000000000000000000000000000000000000000000
0000000000000000000000000000000000000000000000000000000000000000
0000000000000000000000000000000000000000000000000000000000000000
0000000000000000000000000000000000000000000000000000000000000000
0000000000000000000000000000000000000000000000000000000000000000
0000000000000000000000000000000000000000000000000000000000000000
0000000000000000000000000000000000000000000000000000000000000000
0000000000001000000000010101000110000000000000000000000001011000
0000000000001000000000010101000110000000000000000000000001011101
0000000000000000000000000000000000000000000000000000000000000000
0000000000001000000000010101000110000000000000000000000001011101
0000000000000000000000000000000000000000000000000000000000000000
0000000000000000000000000000000000000000000000000000000000000000
0100001010001000010001010101000000000000000001000011000010111000
0100001010001000010001010101000000000000000001000011000010111101
0000000010001000000001010101000000000000000001000000000010101000
0000000010001000000001010101000000000000000001000000000010101101
1001000000001000010000010101000000000000000000110000000000010000
1001000000001000010000010101000000000000000000110000000000010101
0000000000001010000000010111000000000000000001001000000011001010
0000000000000000000000000000000000000000000000000000000000000000
1001000000001000001000010101000000000000000000000000000000010010
0100000001101000110000011101100000000000000001011001000101011101
1101110010010000010011000000000000000000000000111100000000000100
1101110010010000010011000000000000000000000000111100000000000100
1101110010010000010011000000000000000000000000111100000000000100
1101110010010000010011000000000000000000000000111100000000000100
1101110010010000010011000000000000000000000000111100000000000100
1101110010010000010011000000000000000000000000111100000000000100
1101110010010000010011000000000000000000000000111100000000000100
1101110010010000010011000000000000000000000000111100000000000100
0000000000000000000000000000000000000000000000000000000000000000
0000000000000000000000000000000000000000000000000000000000000000
0100000001100000110000001000100000011000001000000010000000001101
0000000000000000000000000000000000000000000000000000000000000000
0000000000000000000000000000000000000000000000000000000000000000
0000000000000000000000000000000000000000000000000000000000000000
0000000000000000000000000000000000000000000000000000000000000000
0000000000000000000000000000000000000000000000000000000000000000
0000000000000000000000000000000000000000000000000000000000000000
0000000000000000000000000000000000000000000000000000000000000000
0000000000000000000000000000000000000000000000000000000000000000
0000000000000000000000000000000000000000000000000000000000000000
1110111101000100010011011101000000000000000000101000000101011000
1110111101000100010011011101000000000000000000101000000101011101
0000000000000000000000000000000000000000000000000000000000000000
0000000000000000000000000000000000000000000000000000000000000000
0000000000000000000000000000000000000000000000000000000000000000
0000000000000000000000000000000000000000000000000000000000000000
0000000000000000000000000000000000000000000000000000000000000000
0000000000000000000000000000000000000000000000000000000000000000
0000000000000000000000000000000000000000000000000000000000000000
0000000000000000000000000000000000000000000000000000000000000000
0000000000000000000000000000000000000000000000000000000000000000
0000000000000000000000000000000000000000000000000000000000000000
1001100000000000010000000000000000000000000001010000000000000000
1001100000000000010000000000000000000000000001010000000000000000
1001100000000000010000000000000000000000000001010000000000000000
1001100000000000010000000000000000000000000001010000000000000000
1001100000000000010000000000000000000000000001010000000000000000
1001100000000000010000000000000000000000000001010000000000000000
1001100000000000010000000000000000000000000001010000000000000000
1001100000000000010000000000000000000000000001010000000000000000
1001100000000000010000000000000000000000000001010000000000000100
1001100000000000010000000000000000000000000001010000000000000100
1001100000000000010000000000000000000000000001010000000000000100
1001100000000000010000000000000000000000000001010000000000000100
1001100000000000010000000000000000000000000001010000000000000100
1001100000000000010000000000000000000000000001010000000000000100
1001100000000000010000000000000000000000000001010000000000000100
1001100000000000010000000000000000000000000001010000000000000100
0000000000001000000000010101000101000001000000011000000001111000
0000000000001000000000010101000101000001000000011000000001111101
0100000001100000110000001000100000010000011000000001000000010101
0100000001100000110000001000100000010000011000000001000000010101
0000000000000000000000000000000000000000000000000000000000000000
0000000000000000000000000000000000000000000000000000000000000000
0000000000001000000000010101000000000000000001010000000100101000
0000000000001000000000010101000000000000000001010000000100101101
0000000000000000000000000000000000000000000000000000000000000000
0000000000000000000000000000000000000000000000000000000000000000
0100000001100000110000001000100000011000011010000001000000010011
0100000001100000110000001000100000011000011010000001000000010101
0000000000000000000000000000000000000000000000000000000000000000
0000000000000000000000000000000000000000000000000000000000000000
0000000000000000000000000000000000000000000000000000000000000000
0000000000000000000000000000000100000000000000000000000000000000
0000000000001000000000010101000100000001000000011000000001111000
0000000000001000000000010101000100000001000000011000000001111101
0000000000101000000000110101000100100001000000011000000001111000
0000000000101000000000110101000100100001000000011000000001111101
0000000000000000000000000000000000000000000000000000000000000000
0000000000000000000000000000000000000000000000000000000000000000
0000000000000000000000000000000000000000000000000000000000000000
0000000000000000000000000000000000000000000000000000000000000000
0000000000000000000000000000000000000000000000000000000000000000
0000000000000000000000000000000000000000000000000000000000000000
0000000000000000000000000000000000000000000000000000000000000000
0000000000000000000000000000000000000000000000000000000000000000
0000000000000000000000000000000000000000000000000000000000000000
0000000000000000000000000000000000000000000000000000000000000000
0000000000000000000000000000000000000000000000000000000000000000
0000000000000000000000000000000000000000000000000000000000000000
0000000000000000000000000000000000000000000000000000000000000000
0000000000000000000000000000000000000000000000000000000000000000
0000000000000000000000000000000000000000000000000000000000000000
0000000000000000000000000000000000000000000000000000000000000000
0000000000000000000000000000000000000000000000000000000000000000
0000000000000000000000000000000000000000000000000000000000000000
0000000000000000000000000000000000000000000000000000000000000000
0000000000000000000000000000000000000000000000000000000000000000
0100000001100000110000001000100000010000010000000010000000101101
0000000000000000000000000000000000010000010000000000000000000100
0000000000000000000000000000000000011000001000000000000000000100
0000000000000000000000000000000000010000010000000000000000000000
0000000000000000000000000000000000000000000000000000000000000000
0000000000000000000000000000000000000000000000000000000000000000
0000000000000000000000000000000000000000000000000000000000000000
0000000000000000000000000000000000000000000000000000000000000000
0000000000000000000000000000000000000000000000000000000000000000
0000000000000000000000000000000000000000000000000000000000000000
0000000000000000000000000000000000000000000000000000000000000000
0000000000000000000000000000000100000000000000000000000000000000
0000000000000000000000000000000000000000000000000000000000000000
0000000000000000000000000000000000000000000000000000000000000000
0000000000001000000000010101000000000000000000100000000010011000
0000000000001000000000010101000000000000000000100000000010011101
0000000000000000000000000000000000000000000000000000000000000000
0000000000000000000000000000000000000000000000000000000000000000
0000000000000000000000000000000000000000000000000000000000000000
0000000000000000000000000000000000000000000000000000000000000000
0000000000000000000000000000000100000101000000000000000000000000
0000000000000000000000000000000100000110000000000000000000000000
0000000000000000000000000000000000000000000000000000000000000000
0100000001101000110000011101100000010000000000000010000000101101