82828282
00004812
82828282
00004812
82008200
00000000
82008200
00000000
82828282
00004812
00000000
00000000
00000000
00000000
00000000
00000000
00820000
00000000
00000000
00000000
00000000
00000000
00000000
00000000
00000000
00000000
00120048
00000000
00000000
12001200
00000000
00000000
9400CA94
82824800
82828282
82820082
00000000
00000000
006D0000
00000000
00000000
00000000
00000000
00000000
00008212
00000000
00000048
00000082
00249494
CA940000
01250000
01000000
82828282
00000000
00000000
00000000
00000000
00000000
126D4848
00000000
00000000
82820000
00000000
82000000
