.s 00000
.n 5
.i 8	
.o 5
.ilb Q4 Q3 Q2 Q1 Q0 T1 T0 valid
.ob D4 D3 D2 D1 D0

00000000 00000
00000010 00000
00000100 00000
00000110 00000
00001000 00001
00001010 00001
00001100 00001
00001110 00001
00010000 00010
00010010 00010
00010100 00010
00010110 00010
00011000 00011
00011010 00011
00011100 00011
00011110 00011
00100000 00100
00100010 00100
00100100 00100
00100110 00100
00101000 00101
00101010 00101
00101100 00101
00101110 00101
01000000 01000
01000010 01000
01000100 01000
01000110 01000
01001000 01001
01001010 01001
01001100 01001
01001110 01001
01010000 01010
01010010 01010
01010100 01010
01010110 01010
01011000 01011
01011010 01011
01011100 01011
01011110 01011
01100000 01100
01100010 01100
01100100 01100
01100110 01100
01101000 01101
01101010 01101
01101100 01101
01101110 01101
10000000 10000
10000010 10000
10000100 10000
10000110 10000
10001000 10001
10001010 10001
10001100 10001
10001110 10001
10010000 10010
10010010 10010
10010100 10010
10010110 10010
10011000 10011
10011010 10011
10011100 10011
10011110 10011
10100000 10100
10100010 10100
10100100 10100
10100110 10100
10101000 10101
10101010 10101
10101100 10101
10101110 10101
11000000 11000
11000010 11000
11000100 11000
11000110 11000
11001000 11001
11001010 11001
11001100 11001
11001110 11001
11010000 11010
11010010 11010
11010100 11010
11010110 11010
11011000 11011
11011010 11011
11011100 11011
11011110 11011
11100000 11100
11100010 11100
11100100 11100
11100110 11100
11101000 11101
11101010 11101
11101100 11101
11101110 11101
00000001 01011
00000011 00011
00000101 00001
00000111 00000
00001001 01101
00001011 00101
00001101 00001
00001111 00000
00010001 10011
00010011 00011
00010101 00001
00010111 00010
00011001 10101
00011011 00011
00011101 00100
00011111 00010
00100001 11011
00100011 00101
00100101 00100
00100111 00000
00101001 11101
00101011 00101
00101101 00100
00101111 00010
01000001 01011
01000011 00011
01000101 01001
01000111 01000
01001001 01101
01001011 00101
01001101 01001
01001111 01000
01010001 01011
01010011 10001
01010101 01001
01010111 01010
01011001 01011
01011011 10100
01011101 01100
01011111 01010
01100001 01101
01100011 11001
01100101 01100
01100111 01000
01101001 01101
01101011 11100
01101101 01100
01101111 01010
10000001 10011
10000011 10001
10000101 00001
10000111 10000
10001001 10101
10001011 10001
10001101 00100
10001111 10000
10010001 10011
10010011 10001
10010101 01001
10010111 10010
10011001 10011
10011011 10100
10011101 01100
10011111 10010
10100001 10101
10100011 10100
10100101 11000
10100111 10000
10101001 10101
10101011 10100
10101101 11010
10101111 10010
11000001 11011
11000011 11001
11000101 11000
11000111 00000
11001001 11101
11001011 11001
11001101 11000
11001111 00010
11010001 11011
11010011 11001
11010101 11010
11010111 01000
11011001 11011
11011011 11100
11011101 11010
11011111 01010
11100001 11101
11100011 11100
11100101 11000
11100111 10000
11101001 11101
11101011 11100
11101101 11010
11101111 10010